12685
0.0 0.9166666666666666 0.6363636363636364
14573
0.0 1.0 0.6666666666666667 0.8333333333333334
14602
0.0 0.875 0.78125 0.96875
14790
0.0 0.8181818181818181 0.33333333333333337
14796
0.0 0.6 0.7777777777777778 0.7142857142857143 0.8518518518518519 0.8518518518518519 0.7777777777777778 0.9259259259259259 0.9259259259259259
14839
0.0 0.4 0.6 0.85 0.9523809523809523 0.8 0.95 0.9
15035
0.0 0.5555555555555556 0.8 0.4
15297
0.0 1.0 1.0
15391
0.0 1.0 0.95
15467
0.0 1.0 1.0
18995
0.0 0.7777777777777778 0.75 0.5 1.0 0.8 0.5 0.6 0.75
19005
0.0 0.8 0.875
19255
0.0 0.8461538461538461 0.5769230769230769 0.6923076923076923 0.8518518518518519
19256
0.0 0.8709677419354839 0.71875 0.7575757575757576 0.935483870967742 0.935483870967742 0.9032258064516129 0.8387096774193549
19526
0.0 0.4444444444444444 0.5714285714285714 0.8571428571428572
19610
0.0 0.8 0.75
19852
0.0 0.5 0.625 0.625 0.75 0.6875
19853
0.0 0.625 0.5714285714285714
19876
0.0 0.75 0.5
19877
0.0 0.41666666666666663 0.7
19909
0.0 0.6153846153846154 0.7619047619047619 0.8181818181818181 0.7619047619047619 0.85
20007
0.0 0.9545454545454546 1.0
20078
0.0 0.625 0.782608695652174
20332
0.0 0.9230769230769231 1.0 1.0 1.0
20601
0.0 0.6 0.7142857142857143 0.8333333333333334 0.6666666666666667
20764
0.0 0.6363636363636364 0.7692307692307692
21268
0.0 0.875 0.7777777777777778 0.7777777777777778
21317
0.0 0.75 0.5714285714285714
21344
0.0 0.5 0.5 0.8
21553
0.0 0.5 1.0
22181
0.0 0.8888888888888888 0.875
22299
0.0 1.0 0.33333333333333337
22866
0.0 0.6 0.8333333333333334 0.4 0.8333333333333334
23083
0.0 0.5 0.625 0.7142857142857143 0.6666666666666667
23340
0.0 0.8461538461538461 0.75
25371
0.0 0.6666666666666667 0.8 1.0
25375
0.0 1.0 1.0
25554
0.0 0.5 0.6666666666666667
25597
0.0 0.7 0.6875 0.8125 0.9375
25612
0.0 0.8888888888888888 0.8148148148148149 0.8148148148148149
26231
0.0 0.6666666666666667 0.875 0.7777777777777778
26238
0.0 0.15384615384615385 0.46153846153846156 0.6153846153846154 0.7692307692307692 0.7692307692307692 0.9230769230769231
26243
0.0 0.5833333333333333 0.5 0.6666666666666667
26244
0.0 0.7777777777777778 0.7
26257
0.0 0.5714285714285714 0.9
26364
0.0 0.7647058823529411 0.6428571428571428 0.7692307692307692 1.0
26476
0.0 0.625 0.6666666666666667
27177
0.0 0.5 0.33333333333333337
27180
0.0 0.25 0.5714285714285714
27207
0.0 0.6111111111111112 0.5882352941176471 0.6666666666666667 0.4545454545454546 0.5555555555555556 0.7
27250
0.0 0.7777777777777778 0.5714285714285714
27427
0.0 0.5 0.25
27530
0.0 0.4 0.75
27851
0.0 0.8 0.4
28119
0.0 0.25 0.75 0.75 0.5
28245
0.0 0.875 0.5 
28547
0.0 0.6666666666666667 0.7 0.7894736842105263 0.8888888888888888 0.9090909090909091 0.9230769230769231
30976
0.0 0.6666666666666667 1.0
8962
0.0 0.6363636363636364 1.0