- 12685 1
0.0 3.0 1.0
3.0 0.0 2.0
1.0 2.0 0.0
- 14573 1
0.0 2.0 4.0 1.0
2.0 0.0 2.0 2.0
4.0 2.0 0.0 4.0
1.0 2.0 4.0 0.0
- 14602 1
0.0 1.5 1.0 1.5
1.5 0.0 1.5 1.0
1.0 1.5 0.0 1.5
1.5 1.0 1.5 0.0
- 14790 1
0.0 2.0 1.0
2.0 0.0 2.0 
1.0 2.0 0.0
- 14796 1
0.0 2.0 1.0 1.0 3.0 1.5 2.0 2.5 3.0
2.0 0.0 2.0 2.0 3.0 2.5 1.0 1.5 3.0
1.0 2.0 0.0 1.0 3.0 2.5 2.0 2.5 3.0
1.0 2.0 1.0 0.0 3.0 1.5 2.0 2.5 3.0
3.0 3.0 3.0 3.0 0.0 3.5 2.0 3.5 1.0
1.5 2.5 2.5 1.5 3.5 0.0 2.5 3.0 3.5
2.0 1.0 2.0 2.0 2.0 2.5 0.0 2.5 2.0
2.5 1.5 2.5 2.5 3.5 3.0 2.5 0.0 3.5 
3.0 3.0 3.0 3.0 1.0 3.5 2.0 3.5 0.0
- 14839 1
0.0 1.0 1.0 2.0 2.0 1.5 3.5 3.0
1.0 0.0 1.0 2.0 3.0 2.5 3.5 3.0
1.0 1.0 0.0 2.0 2.0 2.5 3.5 3.0
2.0 2.0 2.0 0.0 3.0 3.5 3.5 3.0
2.0 3.0 2.0 3.0 0.0 3.5 2.5 2.0
1.5 2.5 2.5 3.5 3.5 0.0 5.0 4.5
3.5 3.5 3.5 3.5 2.5 5.0 0.0 1.5 
3.0 3.0 3.0 3.0 2.0 4.5 1.5 0.0
- 15035 1
0.0 2.0 1.0 1.5
2.0 0.0 1.0 3.5
1.0 1.0 0.0 2.5
1.5 3.5 2.5 0.0
- 15297 2
0.0 2.0 3.5
2.0 0.0 2.0
3.5 2.0 0.0
- 15391 2
0.0 3.0 1.0
3.0 0.0 4.0
1.0 4.0 0.0
- 15467 1
0.0 1.0 1.0
1.0 0.0 1.0 
1.0 1.0 0.0
- 18995 1
0.0 1.0 2.0 1.5 3.0 1.5 1.0 2.5 2.5
1.0 0.0 1.0 1.5 3.0 1.5 2.0 1.5 2.5
2.0 1.0 0.0 2.5 4.0 2.5 1.0 2.5 1.5
1.5 1.5 2.5 0.0 1.5 1.0 2.5 3.0 1.0
3.0 3.0 4.0 1.5 0.0 2.5 4.0 1.5 2.5
1.5 1.5 2.5 1.0 2.5 0.0 2.5 3.0 2.0
1.0 2.0 1.0 2.5 4.0 2.5 0.0 3.5 1.5
2.5 1.5 2.5 3.0 1.5 3.0 3.5 0.0 4.0 
2.5 2.5 1.5 1.0 2.5 2.0 1.5 4.0 0.0
- 19005 0
0.0 1.0 2.0
1.0 0.0 2.0
2.0 2.0 0.0
- 19255 2
0.0 2.5 1.0 1.5 2.0
2.5 0.0 2.5 2.0 1.5
1.0 2.5 0.0 1.5 2.0
1.5 2.0 1.5 0.0 2.5
2.0 1.5 2.0 2.5 0.0
- 19256 0
0.0 1.0 1.0 2.0 2.0 3.0 2.0 1.5
1.0 0.0 1.0 2.0 3.0 3.0 2.0 1.5
1.0 1.0 0.0 2.0 2.0 3.0 2.0 2.5
2.0 2.0 2.0 0.0 2.0 3.0 1.0 2.5 
2.0 3.0 2.0 2.0 0.0 2.0 3.0 3.5
3.0 3.0 3.0 3.0 2.0 0.0 3.0 3.5
2.0 2.0 2.0 1.0 3.0 3.0 0.0 2.5
1.5 1.5 2.5 2.5 3.5 3.5 2.5 0.0
- 19526 1
0.0 2.0 1.5 1.0
2.0 0.0 3.5 1.0
1.5 3.5 0.0 2.5
1.0 1.0 2.5 0.0
- 19610 1
0.0 1.0 1.0
1.0 0.0 1.0
1.0 1.0 0.0
- 19852 1
0.0 1.0 2.0 1.0 2.0 1.5
1.0 0.0 2.0 1.0 2.0 1.5
2.0 2.0 0.0 2.0 1.0 2.5 
1.0 1.0 2.0 0.0 2.0 2.5
2.0 2.0 1.0 2.0 0.0 2.5
1.5 1.5 2.5 2.5 2.5 0.0
- 19853 1
0.0 1.5 1.0
1.5 0.0 2.5
1.0 2.5 0.0
- 19876 1
0.0 1.5 1.0
1.5 0.0 2.5
1.0 2.5 0.0
- 19877 1
0.0 1.0 1.5
1.0 0.0 1.5
1.5 1.5 0.0
- 19909 1
0.0 1.0 2.0 2.0 2.0 1.0
1.0 0.0 2.0 2.0 2.0 1.0
2.0 2.0 0.0 1.0 1.0 2.0
2.0 2.0 1.0 0.0 1.0 2.0 
2.0 2.0 1.0 1.0 0.0 2.0
1.0 1.0 2.0 2.0 2.0 0.0
- 20007 1
0.0 3.0 3.0
3.0 0.0 3.0
3.0 3.0 0.0
- 20078 1
0.0 1.0 1.0
1.0 0.0 2.0
1.0 2.0 0.0
- 20332 1
0.0 2.0 2.0 1.0 2.0
2.0 0.0 1.0 2.0 1.0
2.0 1.0 0.0 2.0 1.0
1.0 2.0 2.0 0.0 2.0
2.0 1.0 1.0 2.0 0.0
- 20601 0
0.0 3.0 2.0 1.0 3.0
3.0 0.0 2.0 2.0 2.0
2.0 2.0 0.0 2.0 3.0 
1.0 2.0 2.0 0.0 3.0
3.0 2.0 3.0 3.0 0.0
- 20764 1
0.0 1.5 1.0
1.5 0.0 1.5
1.0 1.5 0.0
- 21268 2
0.0 3.0 1.5 1.5
3.0 0.0 1.5 3.5
1.5 1.5 0.0 1.5
1.5 3.5 1.5 0.0
- 21317 1
0.0 1.0 1.0
1.0 0.0 1.0
1.0 1.0 0.0
- 21344 2
0.0 1.5 1.5 1.5
1.5 0.0 3.0 1.5
1.5 3.0 0.0 3.5
1.5 1.5 3.5 0.0
- 21553 1
0.0 2.0 3.0
2.0 0.0 3.0 
3.0 3.0 0.0
- 22181 1
0.0 1.5 2.5
1.5 0.0 1.0
2.5 1.0 0.0
- 22299 0
0.0 3.0 2.0
3.0 0.0 2.0
2.0 2.0 0.0
- 22866 2
0.0 1.5 3.0 1.5 1.5
1.5 0.0 3.5 3.0 1.5
3.0 3.5 0.0 1.5 3.0
1.5 3.0 1.5 0.0 3.5
1.5 1.5 3.0 3.5 0.0
- 23083 1
0.0 1.0 2.0 2.5 1.0
1.0 0.0 1.0 1.5 2.0
2.0 1.0 0.0 2.5 1.0
2.5 1.5 2.5 0.0 3.5
1.0 2.0 1.0 3.5 0.0 
- 23340 1
0.0 1.5 1.0
1.5 0.0 2.5
1.0 2.5 0.0
- 25371 1
0.0 1.0 1.5 2.0
1.0 0.0 1.5 1.0
1.5 1.5 0.0 2.5
2.0 1.0 2.5 0.0
- 25375 1
0.0 1.0 2.0
1.0 0.0 2.0
2.0 2.0 0.0
- 25554 1
0.0 2.0 1.0
2.0 0.0 1.0
1.0 1.0 0.0
- 25597 1
0.0 1.0 2.0 1.0 2.5
1.0 0.0 2.0 1.0 2.5
2.0 2.0 0.0 2.0 1.5
1.0 1.0 2.0 0.0 2.5
2.5 2.5 1.5 2.5 0.0
- 25612 2
0.0 1.5 1.5 1.5 
1.5 0.0 3.0 3.0
1.5 3.0 0.0 3.0
1.5 3.0 3.0 0.0
- 26231 1
0.0 1.0 1.5 1.0
1.0 0.0 1.5 2.0
1.5 1.5 0.0 2.5
1.0 2.0 2.5 0.0
- 26238 1
0.0 1.5 1.0 2.5 1.5 2.0 2.5
1.5 0.0 1.5 2.0 1.0 2.5 2.0
1.0 1.5 0.0 2.5 1.5 2.0 2.5
2.5 2.0 2.5 0.0 2.0 1.5 1.0
1.5 1.0 1.5 2.0 0.0 2.5 2.0
2.0 2.5 2.0 1.5 2.5 0.0 2.5
2.5 2.0 2.5 1.0 2.0 2.5 0.0 
- 26243 1
0.0 1.5 1.0 1.0
1.5 0.0 1.5 2.5
1.0 1.5 0.0 2.0
1.0 2.5 2.0 0.0
- 26244 1
0.0 1.5 1.0
1.5 0.0 1.5
1.0 1.5 0.0
- 26257 1
0.0 1.0 1.0
1.0 0.0 2.0
1.0 2.0 0.0
- 26364 0
0.0 1.0 1.5 2.5 4.0
1.0 0.0 1.5 2.5 4.0
1.5 1.5 0.0 2.0 3.5
2.5 2.5 2.0 0.0 3.5
4.0 4.0 3.5 3.5 0.0
- 26476 1
0.0 1.5 1.0
1.5 0.0 1.5
1.0 1.5 0.0
- 27177 1
0.0 1.5 1.5
1.5 0.0 1.0
1.5 1.0 0.0 
- 27180 1
0.0 1.5 1.5
1.5 0.0 1.0
1.5 1.0 0.0
- 27207 1
0.0 2.5 1.5 2.5 1.5 2.0 1.0
2.5 0.0 2.0 2.5 2.0 1.5 2.5
1.5 2.0 0.0 1.5 1.0 2.5 1.5
2.5 2.5 1.5 0.0 2.5 1.5 2.5
1.5 2.0 1.0 2.5 0.0 2.5 1.5
2.0 1.5 2.5 1.5 2.5 0.0 2.0
1.0 2.5 1.5 2.5 1.5 2.0 0.0
- 27250 2
0.0 1.5 1.5
1.5 0.0 1.5
1.5 1.5 0.0
- 27427 1
0.0 1.5 1.5
1.5 0.0 1.0
1.5 1.0 0.0
- 27530 2
0.0 2.0 3.5
2.0 0.0 1.5 
3.5 1.5 0.0
- 27851 1
0.0 2.0 1.0
2.0 0.0 2.0
1.0 2.0 0.0
- 28119 0
0.0 3.0 3.0 2.0 1.0
3.0 0.0 2.0 3.0 3.0
3.0 2.0 0.0 2.0 3.0
2.0 3.0 2.0 0.0 2.0
1.0 3.0 3.0 2.0 0.0
- 28245 0
0.0 2.0 3.0
2.0 0.0 2.0
3.0 2.0 0.0
- 28547 0
0.0 2.0 2.0 1.0 3.0 2.0 3.0
2.0 0.0 1.0 2.0 1.0 3.0 2.0
2.0 1.0 0.0 2.0 1.0 3.0 2.0
1.0 2.0 2.0 0.0 3.0 3.0 3.0
3.0 1.0 1.0 3.0 0.0 3.0 2.0
2.0 3.0 3.0 3.0 3.0 0.0 2.0
3.0 2.0 2.0 3.0 2.0 2.0 0.0 
- 30976 2
0.0 1.5 3.5
1.5 0.0 2.0
3.5 2.0 0.0
- 8962 1
0.0 1.0 1.0
1.0 0.0 1.0
1.0 1.0 0.0